100
31.44
76.95
24.44
36.81
51.88
27.49
57.56
47.77
50.61
14.28
68.48
43.74
13.02
29.41
0.36
91.61
67.39
94.22
18.43
12.13
28.39
97.14
89.04
93.11
62.46
43.21
70.15
94.68
56.30
98.32
89.71
30.55
48.09
17.66
16.90
85.75
26.45
44.80
85.25
47.21
47.52
9.51
20.90
95.05
16.33
74.69
88.83
3.69
85.13
8.14
31.78
64.10
40.51
53.28
36.01
74.15
47.75
58.75
28.68
69.45
96.53
61.53
34.12
23.10
45.82
49.93
0.46
47.11
37.74
47.32
18.45
59.03
45.10
18.01
78.74
46.26
10.31
41.05
0.46
41.65
65.98
61.02
85.20
8.45
81.48
67.17
72.60
46.54
6.19
3.66
50.96
5.65
8.41
44.67
86.27
93.79
10.24
28.50
79.58
20.38
